# a

mu <- c(10,30,50,10)
Sigma <- c(c(1,0.5,0.25,0.125),c(0.5,1,0.5,0.25),
           c(0.25,0.5,1,0.5,c(0.125,0.25,0.5,1)))




# b




